less1.csv
10  491
 9  571
 8  451
 7  682
 6  923
 5  518
 4  552
 3  634
 2  535
 1 1175
 0 1305
less2.csv
20  434
19  223
18  161
17  131
16  155
15  148
14  213
13  227
12  226
11  289
10  310
 9  243
 8  275
 7  341
 6  526
 5  341
 4  424
 3  532
 2  481
 1 1121
 0 1260
less3.csv
30  203
29   72
28   65
27   65
26   98
25   80
24   72
23   46
22   64
21   70
20   94
19  100
18  123
17  137
16  141
15  116
14  170
13  189
12  189
11  238
10  280
 9  228
 8  268
 7  321
 6  513
 5  336
 4  421
 3  524
 2  480
 1 1122
 0 1258
