less1.csv
10  491
 9  571
 8  451
 7  682
 6  923
 5  518
 4  552
 3  635
 2  535
 1 1174
 0 1306
less2.csv
20  434
19  223
18  161
17  131
16  155
15  148
14  213
13  227
12  226
11  289
10  310
 9  243
 8  275
 7  341
 6  526
 5  341
 4  424
 3  533
 2  481
 1 1120
 0 1261
less3.csv
30  213
29   74
28   62
27   68
26   98
25   77
24   77
23   46
22   67
21   72
20   93
19  104
18  117
17  141
16  142
15  117
14  163
13  195
12  191
11  234
10  268
 9  227
 8  267
 7  319
 6  510
 5  338
 4  420
 3  524
 2  480
 1 1121
 0 1259
